kinematics:
  shoulder:
    x: 0
    y: 0
    z: 0.1517659017243985
    roll: -0
    pitch: 0
    yaw: 4.668889476596459e-05
  upper_arm:
    x: -1.212603670258063e-05
    y: 0
    z: 0
    roll: 1.570239613170454
    pitch: 0
    yaw: -1.2145252562456e-06
  forearm:
    x: -0.2436273708218559
    y: 0
    z: 0
    roll: 3.136733360457482
    pitch: -3.141133972051148
    yaw: 3.141571887960004
  wrist_1:
    x: -0.213318655787665
    y: -0.0007686411594212268
    z: 0.1122785034644924
    roll: 0.00684573741576527
    pitch: -0.0005490741303843706
    yaw: -5.482686108654466e-06
  wrist_2:
    x: 4.281477392602681e-05
    y: -0.08532568746380099
    z: -9.785398657039774e-05
    roll: 1.571943155453174
    pitch: 0
    yaw: 2.06194519080024e-05
  wrist_3:
    x: -3.996169434538481e-05
    y: 0.08224887459521162
    z: -5.668221831117363e-06
    roll: 1.570727411300915
    pitch: 3.141592653589793
    yaw: 3.141516401208001
  hash: calib_4236894942262779859